Idő; Nézők száma; Megjegyzés
2021. 02. 20. 14:39:36; 0
2021. 02. 20. 14:39:46; 0
2021. 02. 20. 14:39:57; 0
2021. 02. 20. 14:40:07; 0
2021. 02. 20. 14:40:17; 0
2021. 02. 20. 14:40:27; 0
2021. 02. 20. 14:40:37; 0
2021. 02. 20. 14:40:47; 0
2021. 02. 20. 14:40:57; 0
2021. 02. 20. 14:41:07; 0
2021. 02. 20. 14:41:18; 0
2021. 02. 20. 14:41:28; 0
2021. 02. 20. 14:41:38; 0
2021. 02. 20. 14:41:48; 0
2021. 02. 20. 14:41:58; 0
2021. 02. 20. 14:42:08; 0
2021. 02. 20. 14:42:18; 0
2021. 02. 20. 14:42:28; 0
2021. 02. 20. 14:42:39; 0
2021. 02. 20. 14:42:49; 0
2021. 02. 20. 14:42:59; 0
2021. 02. 20. 14:43:09; 0
2021. 02. 20. 14:43:19; 0
2021. 02. 20. 14:43:29; 0
2021. 02. 20. 14:43:39; 0
2021. 02. 20. 14:43:49; 0
2021. 02. 20. 14:44:00; 0
2021. 02. 20. 14:44:10; 0
2021. 02. 20. 14:44:20; 0
2021. 02. 20. 14:44:30; 0
2021. 02. 20. 14:44:40; 0
2021. 02. 20. 14:44:50; 0
2021. 02. 20. 14:45:00; 0
2021. 02. 20. 14:45:10; 0
2021. 02. 20. 14:45:21; 0
2021. 02. 20. 14:45:31; 0
2021. 02. 20. 14:45:41; 0
2021. 02. 20. 14:45:51; 0
2021. 02. 20. 14:46:01; 0
2021. 02. 20. 14:46:11; 0
2021. 02. 20. 14:46:21; 0
2021. 02. 20. 14:46:31; 0
2021. 02. 20. 14:46:41; 0
2021. 02. 20. 14:46:52; 0
2021. 02. 20. 14:47:02; 0
2021. 02. 20. 14:47:12; 0
2021. 02. 20. 14:47:22; 0
2021. 02. 20. 14:47:32; 0
2021. 02. 20. 14:47:42; 0
2021. 02. 20. 14:47:52; 0
2021. 02. 20. 14:48:03; 0
2021. 02. 20. 14:48:13; 0
2021. 02. 20. 14:48:23; 0
2021. 02. 20. 14:48:33; 0
2021. 02. 20. 14:48:43; 0
2021. 02. 20. 14:48:53; 0
2021. 02. 20. 14:49:03; 0
2021. 02. 20. 14:49:13; 0
2021. 02. 20. 14:49:24; 0
2021. 02. 20. 14:49:34; 0
2021. 02. 20. 14:49:44; 0
2021. 02. 20. 14:49:54; 0
2021. 02. 20. 14:50:04; 0
2021. 02. 20. 14:50:14; 0
2021. 02. 20. 14:50:24; 136
2021. 02. 20. 14:50:35; 142
2021. 02. 20. 14:50:45; 109
2021. 02. 20. 14:50:55; 64
2021. 02. 20. 14:51:05; 90
2021. 02. 20. 14:51:15; 93
2021. 02. 20. 14:51:25; 93
2021. 02. 20. 14:51:35; 96
2021. 02. 20. 14:51:46; 102
2021. 02. 20. 14:51:56; 109
2021. 02. 20. 14:52:06; 117
2021. 02. 20. 14:52:16; 120
2021. 02. 20. 14:52:26; 132
2021. 02. 20. 14:52:36; 136
2021. 02. 20. 14:52:46; 143
2021. 02. 20. 14:52:56; 147
2021. 02. 20. 14:53:06; 155
2021. 02. 20. 14:53:17; 159
2021. 02. 20. 14:53:27; 162
2021. 02. 20. 14:53:37; 168
2021. 02. 20. 14:53:47; 170
2021. 02. 20. 14:53:57; 176
2021. 02. 20. 14:54:07; 177
2021. 02. 20. 14:54:17; 181
2021. 02. 20. 14:54:27; 182
2021. 02. 20. 14:54:38; 186
2021. 02. 20. 14:54:48; 182
2021. 02. 20. 14:54:58; 182
2021. 02. 20. 14:55:08; 187
2021. 02. 20. 14:55:18; 189
2021. 02. 20. 14:55:28; 197
2021. 02. 20. 14:55:38; 198
2021. 02. 20. 14:55:48; 204
2021. 02. 20. 14:55:58; 208
2021. 02. 20. 14:56:09; 209
2021. 02. 20. 14:56:19; 208
2021. 02. 20. 14:56:29; 213
2021. 02. 20. 14:56:39; 217
2021. 02. 20. 14:56:49; 218
2021. 02. 20. 14:56:59; 222
2021. 02. 20. 14:57:09; 225
2021. 02. 20. 14:57:19; 230
2021. 02. 20. 14:57:30; 234
2021. 02. 20. 14:57:40; 241
2021. 02. 20. 14:57:50; 245
2021. 02. 20. 14:58:00; 250
2021. 02. 20. 14:58:10; 251
2021. 02. 20. 14:58:20; 249
2021. 02. 20. 14:58:30; 253
2021. 02. 20. 14:58:40; 256
2021. 02. 20. 14:58:50; 264
2021. 02. 20. 14:59:01; 268
2021. 02. 20. 14:59:11; 273
2021. 02. 20. 14:59:21; 271
2021. 02. 20. 14:59:31; 277
2021. 02. 20. 14:59:41; 279
2021. 02. 20. 14:59:51; 285
2021. 02. 20. 15:00:01; 290
2021. 02. 20. 15:00:11; 291
2021. 02. 20. 15:00:22; 290
2021. 02. 20. 15:00:32; 292
2021. 02. 20. 15:00:42; 292
2021. 02. 20. 15:00:52; 293
2021. 02. 20. 15:01:02; 305
2021. 02. 20. 15:01:12; 304
2021. 02. 20. 15:01:23; 305
2021. 02. 20. 15:01:33; 310
2021. 02. 20. 15:01:43; 316
2021. 02. 20. 15:01:53; 317
2021. 02. 20. 15:02:03; 320
2021. 02. 20. 15:02:13; 327
2021. 02. 20. 15:02:23; 319
2021. 02. 20. 15:02:34; 323
2021. 02. 20. 15:02:44; 324
2021. 02. 20. 15:02:54; 336
2021. 02. 20. 15:03:04; 331
2021. 02. 20. 15:03:14; 328
2021. 02. 20. 15:03:24; 326
2021. 02. 20. 15:03:34; 327
2021. 02. 20. 15:03:45; 341
2021. 02. 20. 15:03:55; 345
2021. 02. 20. 15:04:05; 348
2021. 02. 20. 15:04:15; 353
2021. 02. 20. 15:04:25; 356
2021. 02. 20. 15:04:35; 353
2021. 02. 20. 15:04:45; 355
2021. 02. 20. 15:04:55; 355
2021. 02. 20. 15:05:06; 359
2021. 02. 20. 15:05:16; 360
2021. 02. 20. 15:05:26; 362
2021. 02. 20. 15:05:36; 369
2021. 02. 20. 15:05:46; 366
2021. 02. 20. 15:05:56; 366
2021. 02. 20. 15:06:06; 361
2021. 02. 20. 15:06:16; 361
2021. 02. 20. 15:06:26; 365
2021. 02. 20. 15:06:37; 363
2021. 02. 20. 15:06:47; 369
2021. 02. 20. 15:06:57; 371
2021. 02. 20. 15:07:07; 374
2021. 02. 20. 15:07:17; 375
2021. 02. 20. 15:07:27; 389
2021. 02. 20. 15:07:37; 390
2021. 02. 20. 15:07:47; 389
2021. 02. 20. 15:07:57; 398
2021. 02. 20. 15:08:08; 403
2021. 02. 20. 15:08:18; 397
2021. 02. 20. 15:08:28; 402
2021. 02. 20. 15:08:38; 404
2021. 02. 20. 15:08:48; 405
2021. 02. 20. 15:08:58; 403
2021. 02. 20. 15:09:08; 405
2021. 02. 20. 15:09:18; 398
2021. 02. 20. 15:09:28; 404
2021. 02. 20. 15:09:39; 404
2021. 02. 20. 15:09:49; 410
2021. 02. 20. 15:09:59; 415
2021. 02. 20. 15:10:09; 411
2021. 02. 20. 15:10:19; 406
2021. 02. 20. 15:10:29; 418
2021. 02. 20. 15:10:39; 418
2021. 02. 20. 15:10:49; 418
2021. 02. 20. 15:11:00; 421
2021. 02. 20. 15:11:10; 424
2021. 02. 20. 15:11:20; 415
2021. 02. 20. 15:11:30; 424
2021. 02. 20. 15:11:40; 417
2021. 02. 20. 15:11:50; 410
2021. 02. 20. 15:12:00; 418
2021. 02. 20. 15:12:10; 419
2021. 02. 20. 15:12:21; 412
2021. 02. 20. 15:12:31; 419
2021. 02. 20. 15:12:41; 422
2021. 02. 20. 15:12:51; 422
2021. 02. 20. 15:13:01; 426
2021. 02. 20. 15:13:11; 419
2021. 02. 20. 15:13:21; 412
2021. 02. 20. 15:13:31; 417
2021. 02. 20. 15:13:41; 417
2021. 02. 20. 15:13:52; 418
2021. 02. 20. 15:14:02; 419
2021. 02. 20. 15:14:12; 414
2021. 02. 20. 15:14:22; 414
2021. 02. 20. 15:14:32; 421
2021. 02. 20. 15:14:42; 421
2021. 02. 20. 15:14:52; 423
2021. 02. 20. 15:15:02; 422
2021. 02. 20. 15:15:13; 420
2021. 02. 20. 15:15:23; 422
2021. 02. 20. 15:15:33; 421
2021. 02. 20. 15:15:43; 424
2021. 02. 20. 15:15:53; 420
2021. 02. 20. 15:16:03; 421
2021. 02. 20. 15:16:13; 426
2021. 02. 20. 15:16:24; 427
2021. 02. 20. 15:16:34; 431
2021. 02. 20. 15:16:44; 428
2021. 02. 20. 15:16:54; 429
2021. 02. 20. 15:17:04; 430
2021. 02. 20. 15:17:14; 425
2021. 02. 20. 15:17:24; 424
2021. 02. 20. 15:17:34; 425
2021. 02. 20. 15:17:45; 427
2021. 02. 20. 15:17:55; 433
2021. 02. 20. 15:18:05; 435
2021. 02. 20. 15:18:15; 436
2021. 02. 20. 15:18:25; 430
2021. 02. 20. 15:18:35; 429
2021. 02. 20. 15:18:45; 431
2021. 02. 20. 15:18:55; 434
2021. 02. 20. 15:19:06; 437
2021. 02. 20. 15:19:16; 442
2021. 02. 20. 15:19:26; 443
2021. 02. 20. 15:19:36; 438
2021. 02. 20. 15:19:46; 434
2021. 02. 20. 15:19:56; 431
2021. 02. 20. 15:20:06; 431
2021. 02. 20. 15:20:17; 435
2021. 02. 20. 15:20:27; 434
2021. 02. 20. 15:20:37; 435
2021. 02. 20. 15:20:47; 435
2021. 02. 20. 15:20:57; 433
2021. 02. 20. 15:21:07; 437
2021. 02. 20. 15:21:17; 439
2021. 02. 20. 15:21:27; 439
2021. 02. 20. 15:21:38; 443
2021. 02. 20. 15:21:48; 445
2021. 02. 20. 15:21:58; 445
2021. 02. 20. 15:22:08; 442
2021. 02. 20. 15:22:18; 439
2021. 02. 20. 15:22:28; 443
2021. 02. 20. 15:22:38; 435
2021. 02. 20. 15:22:48; 431
2021. 02. 20. 15:22:59; 443
2021. 02. 20. 15:23:09; 445
2021. 02. 20. 15:23:19; 444
2021. 02. 20. 15:23:29; 447
2021. 02. 20. 15:23:39; 447
2021. 02. 20. 15:23:49; 447
2021. 02. 20. 15:23:59; 444
2021. 02. 20. 15:24:09; 444
2021. 02. 20. 15:24:20; 444
2021. 02. 20. 15:24:30; 444
2021. 02. 20. 15:24:40; 439
2021. 02. 20. 15:24:50; 440
2021. 02. 20. 15:25:00; 437
2021. 02. 20. 15:25:10; 439
2021. 02. 20. 15:25:20; 434
2021. 02. 20. 15:25:30; 426
2021. 02. 20. 15:25:41; 426
2021. 02. 20. 15:25:51; 425
2021. 02. 20. 15:26:01; 426
2021. 02. 20. 15:26:11; 428
2021. 02. 20. 15:26:21; 427
2021. 02. 20. 15:26:31; 428
2021. 02. 20. 15:26:41; 426
2021. 02. 20. 15:26:51; 427
2021. 02. 20. 15:27:01; 432
2021. 02. 20. 15:27:12; 432
2021. 02. 20. 15:27:22; 429
2021. 02. 20. 15:27:32; 432
2021. 02. 20. 15:27:42; 432
2021. 02. 20. 15:27:52; 434
2021. 02. 20. 15:28:02; 435
2021. 02. 20. 15:28:12; 434
2021. 02. 20. 15:28:22; 438
2021. 02. 20. 15:28:32; 445
2021. 02. 20. 15:28:43; 440
2021. 02. 20. 15:28:53; 430
2021. 02. 20. 15:29:03; 432
2021. 02. 20. 15:29:13; 431
2021. 02. 20. 15:29:23; 433
2021. 02. 20. 15:29:33; 442
2021. 02. 20. 15:29:43; 438
2021. 02. 20. 15:29:53; 432
2021. 02. 20. 15:30:04; 431
2021. 02. 20. 15:30:14; 434
2021. 02. 20. 15:30:24; 435
2021. 02. 20. 15:30:34; 434
2021. 02. 20. 15:30:44; 439
2021. 02. 20. 15:30:54; 444
2021. 02. 20. 15:31:04; 440
2021. 02. 20. 15:31:15; 442
2021. 02. 20. 15:31:25; 443
2021. 02. 20. 15:31:35; 444
2021. 02. 20. 15:31:45; 445
2021. 02. 20. 15:31:55; 445
2021. 02. 20. 15:32:05; 437
2021. 02. 20. 15:32:15; 436
2021. 02. 20. 15:32:26; 435
2021. 02. 20. 15:32:36; 439
2021. 02. 20. 15:32:46; 441
2021. 02. 20. 15:32:56; 439
2021. 02. 20. 15:33:06; 443
2021. 02. 20. 15:33:16; 442
2021. 02. 20. 15:33:26; 445
2021. 02. 20. 15:33:37; 446
2021. 02. 20. 15:33:47; 446
2021. 02. 20. 15:33:57; 445
2021. 02. 20. 15:34:07; 447
2021. 02. 20. 15:34:17; 453
2021. 02. 20. 15:34:27; 454
2021. 02. 20. 15:34:37; 450
2021. 02. 20. 15:34:47; 448
2021. 02. 20. 15:34:58; 446
2021. 02. 20. 15:35:08; 444
2021. 02. 20. 15:35:18; 446
2021. 02. 20. 15:35:28; 448
2021. 02. 20. 15:35:38; 444
2021. 02. 20. 15:35:48; 447
2021. 02. 20. 15:35:58; 445
2021. 02. 20. 15:36:08; 445
2021. 02. 20. 15:36:19; 449
2021. 02. 20. 15:36:29; 448
2021. 02. 20. 15:36:39; 447
2021. 02. 20. 15:36:49; 447
2021. 02. 20. 15:36:59; 443
2021. 02. 20. 15:37:09; 442
2021. 02. 20. 15:37:19; 446
2021. 02. 20. 15:37:29; 447
2021. 02. 20. 15:37:39; 451
2021. 02. 20. 15:37:50; 455
2021. 02. 20. 15:38:00; 450
2021. 02. 20. 15:38:10; 449
2021. 02. 20. 15:38:20; 443
2021. 02. 20. 15:38:30; 447
2021. 02. 20. 15:38:40; 444
2021. 02. 20. 15:38:50; 443
2021. 02. 20. 15:39:00; 441
2021. 02. 20. 15:39:11; 445
2021. 02. 20. 15:39:21; 448
2021. 02. 20. 15:39:31; 450
2021. 02. 20. 15:39:41; 454
2021. 02. 20. 15:39:51; 453
2021. 02. 20. 15:40:01; 457
2021. 02. 20. 15:40:11; 461
2021. 02. 20. 15:40:21; 463
2021. 02. 20. 15:40:32; 455
2021. 02. 20. 15:40:42; 455
2021. 02. 20. 15:40:52; 451
2021. 02. 20. 15:41:02; 453
2021. 02. 20. 15:41:12; 452
2021. 02. 20. 15:41:22; 452
2021. 02. 20. 15:41:32; 454
2021. 02. 20. 15:41:42; 457
2021. 02. 20. 15:41:53; 460
2021. 02. 20. 15:42:03; 462
2021. 02. 20. 15:42:13; 464
2021. 02. 20. 15:42:23; 462
2021. 02. 20. 15:42:33; 470
2021. 02. 20. 15:42:43; 466
2021. 02. 20. 15:42:53; 461
2021. 02. 20. 15:43:03; 462
2021. 02. 20. 15:43:14; 457
2021. 02. 20. 15:43:24; 456
2021. 02. 20. 15:43:34; 456
2021. 02. 20. 15:43:44; 455
2021. 02. 20. 15:43:54; 456
2021. 02. 20. 15:44:04; 453
2021. 02. 20. 15:44:14; 454
2021. 02. 20. 15:44:24; 455
2021. 02. 20. 15:44:34; 457
2021. 02. 20. 15:44:45; 453
2021. 02. 20. 15:44:55; 457
2021. 02. 20. 15:45:05; 464
2021. 02. 20. 15:45:15; 467
2021. 02. 20. 15:45:25; 468
2021. 02. 20. 15:45:35; 468
2021. 02. 20. 15:45:45; 466
2021. 02. 20. 15:45:55; 469
2021. 02. 20. 15:46:06; 464
2021. 02. 20. 15:46:16; 464
2021. 02. 20. 15:46:26; 464
2021. 02. 20. 15:46:36; 466
2021. 02. 20. 15:46:46; 466
2021. 02. 20. 15:46:56; 465
2021. 02. 20. 15:47:06; 463
2021. 02. 20. 15:47:16; 462
2021. 02. 20. 15:47:27; 463
2021. 02. 20. 15:47:37; 465
2021. 02. 20. 15:47:47; 464
2021. 02. 20. 15:47:57; 464
2021. 02. 20. 15:48:07; 464
2021. 02. 20. 15:48:17; 465
2021. 02. 20. 15:48:27; 462
2021. 02. 20. 15:48:37; 462
2021. 02. 20. 15:48:48; 460
2021. 02. 20. 15:48:58; 456
2021. 02. 20. 15:49:08; 452
2021. 02. 20. 15:49:18; 454
2021. 02. 20. 15:49:28; 457
2021. 02. 20. 15:49:38; 458
2021. 02. 20. 15:49:48; 461
2021. 02. 20. 15:49:58; 459
2021. 02. 20. 15:50:08; 458
2021. 02. 20. 15:50:19; 461
2021. 02. 20. 15:50:29; 461
2021. 02. 20. 15:50:39; 458
2021. 02. 20. 15:50:49; 460
2021. 02. 20. 15:50:59; 464
2021. 02. 20. 15:51:09; 468
2021. 02. 20. 15:51:19; 470
2021. 02. 20. 15:51:29; 473
2021. 02. 20. 15:51:40; 475
2021. 02. 20. 15:51:50; 473
2021. 02. 20. 15:52:00; 472
2021. 02. 20. 15:52:10; 471
2021. 02. 20. 15:52:20; 468
2021. 02. 20. 15:52:30; 470
2021. 02. 20. 15:52:40; 468
2021. 02. 20. 15:52:51; 471
2021. 02. 20. 15:53:01; 477
2021. 02. 20. 15:53:11; 476
2021. 02. 20. 15:53:21; 470
2021. 02. 20. 15:53:31; 473
2021. 02. 20. 15:53:41; 468
2021. 02. 20. 15:53:51; 473
2021. 02. 20. 15:54:02; 474
2021. 02. 20. 15:54:12; 477
2021. 02. 20. 15:54:22; 479
2021. 02. 20. 15:54:32; 481
2021. 02. 20. 15:54:42; 481
2021. 02. 20. 15:54:52; 476
2021. 02. 20. 15:55:02; 474
2021. 02. 20. 15:55:12; 473
2021. 02. 20. 15:55:23; 479
2021. 02. 20. 15:55:33; 478
2021. 02. 20. 15:55:43; 480
2021. 02. 20. 15:55:53; 477
2021. 02. 20. 15:56:03; 472
2021. 02. 20. 15:56:14; 474
2021. 02. 20. 15:56:24; 474
2021. 02. 20. 15:56:34; 478
2021. 02. 20. 15:56:44; 479
2021. 02. 20. 15:56:54; 481
2021. 02. 20. 15:57:04; 487
2021. 02. 20. 15:57:14; 486
2021. 02. 20. 15:57:24; 492
2021. 02. 20. 15:57:35; 490
2021. 02. 20. 15:57:45; 487
2021. 02. 20. 15:57:55; 488
2021. 02. 20. 15:58:05; 487
2021. 02. 20. 15:58:15; 485
2021. 02. 20. 15:58:25; 488
2021. 02. 20. 15:58:35; 493
2021. 02. 20. 15:58:45; 492
2021. 02. 20. 15:58:55; 493
2021. 02. 20. 15:59:06; 489
2021. 02. 20. 15:59:16; 492
2021. 02. 20. 15:59:26; 490
2021. 02. 20. 15:59:36; 492
2021. 02. 20. 15:59:46; 494
2021. 02. 20. 15:59:56; 494
2021. 02. 20. 16:00:06; 494
2021. 02. 20. 16:00:16; 496
2021. 02. 20. 16:00:27; 496
2021. 02. 20. 16:00:37; 500
2021. 02. 20. 16:00:47; 506
2021. 02. 20. 16:00:57; 507
2021. 02. 20. 16:01:07; 508
2021. 02. 20. 16:01:17; 505
2021. 02. 20. 16:01:27; 505
2021. 02. 20. 16:01:37; 498
2021. 02. 20. 16:01:48; 498
2021. 02. 20. 16:01:58; 499
2021. 02. 20. 16:02:08; 497
2021. 02. 20. 16:02:18; 501
2021. 02. 20. 16:02:28; 501
2021. 02. 20. 16:02:38; 497
2021. 02. 20. 16:02:48; 495
2021. 02. 20. 16:02:58; 498
2021. 02. 20. 16:03:09; 503
2021. 02. 20. 16:03:19; 500
2021. 02. 20. 16:03:29; 498
2021. 02. 20. 16:03:39; 499
2021. 02. 20. 16:03:49; 499
2021. 02. 20. 16:03:59; 501
2021. 02. 20. 16:04:09; 503
2021. 02. 20. 16:04:19; 503
2021. 02. 20. 16:04:29; 501
2021. 02. 20. 16:04:40; 501
2021. 02. 20. 16:04:50; 496
2021. 02. 20. 16:05:00; 497
2021. 02. 20. 16:05:10; 493
2021. 02. 20. 16:05:20; 494
2021. 02. 20. 16:05:30; 498
2021. 02. 20. 16:05:40; 499
2021. 02. 20. 16:05:50; 501
2021. 02. 20. 16:06:01; 496
2021. 02. 20. 16:06:11; 499
2021. 02. 20. 16:06:21; 503
2021. 02. 20. 16:06:31; 502
2021. 02. 20. 16:06:41; 503
2021. 02. 20. 16:06:51; 505
2021. 02. 20. 16:07:02; 509
2021. 02. 20. 16:07:12; 509
2021. 02. 20. 16:07:22; 506
2021. 02. 20. 16:07:32; 512
2021. 02. 20. 16:07:42; 509
2021. 02. 20. 16:07:52; 509
2021. 02. 20. 16:08:03; 510
2021. 02. 20. 16:08:13; 508
2021. 02. 20. 16:08:23; 511
2021. 02. 20. 16:08:33; 517
2021. 02. 20. 16:08:43; 517
2021. 02. 20. 16:08:53; 522
2021. 02. 20. 16:09:03; 520
2021. 02. 20. 16:09:13; 522
2021. 02. 20. 16:09:23; 521
2021. 02. 20. 16:09:34; 523
2021. 02. 20. 16:09:44; 527
2021. 02. 20. 16:09:54; 526
2021. 02. 20. 16:10:04; 527
2021. 02. 20. 16:10:14; 528
2021. 02. 20. 16:10:24; 531
2021. 02. 20. 16:10:34; 536
2021. 02. 20. 16:10:44; 538
2021. 02. 20. 16:10:54; 537
2021. 02. 20. 16:11:05; 536
2021. 02. 20. 16:11:15; 539
2021. 02. 20. 16:11:25; 539
2021. 02. 20. 16:11:35; 541
2021. 02. 20. 16:11:45; 548
2021. 02. 20. 16:11:55; 547
2021. 02. 20. 16:12:05; 548
2021. 02. 20. 16:12:15; 549
2021. 02. 20. 16:12:26; 549
2021. 02. 20. 16:12:36; 559
2021. 02. 20. 16:12:46; 559
2021. 02. 20. 16:12:56; 557
2021. 02. 20. 16:13:06; 555
2021. 02. 20. 16:13:16; 559
2021. 02. 20. 16:13:26; 561
2021. 02. 20. 16:13:36; 562
2021. 02. 20. 16:13:47; 564
2021. 02. 20. 16:13:57; 569
2021. 02. 20. 16:14:07; 573
2021. 02. 20. 16:14:17; 575
2021. 02. 20. 16:14:27; 573
2021. 02. 20. 16:14:37; 576
2021. 02. 20. 16:14:47; 574
2021. 02. 20. 16:14:57; 572
2021. 02. 20. 16:15:08; 574
2021. 02. 20. 16:15:18; 572
2021. 02. 20. 16:15:28; 574
2021. 02. 20. 16:15:38; 577
2021. 02. 20. 16:15:48; 577
2021. 02. 20. 16:15:58; 580
2021. 02. 20. 16:16:08; 585
2021. 02. 20. 16:16:18; 585
2021. 02. 20. 16:16:29; 589
2021. 02. 20. 16:16:39; 591
2021. 02. 20. 16:16:49; 594
2021. 02. 20. 16:16:59; 596
2021. 02. 20. 16:17:09; 596
2021. 02. 20. 16:17:19; 590
2021. 02. 20. 16:17:29; 588
2021. 02. 20. 16:17:40; 589
2021. 02. 20. 16:17:50; 584
2021. 02. 20. 16:18:00; 581
2021. 02. 20. 16:18:10; 580
2021. 02. 20. 16:18:20; 578
2021. 02. 20. 16:18:30; 581
2021. 02. 20. 16:18:40; 579
2021. 02. 20. 16:18:51; 579
2021. 02. 20. 16:19:01; 576
2021. 02. 20. 16:19:11; 573
2021. 02. 20. 16:19:21; 574
2021. 02. 20. 16:19:31; 570
2021. 02. 20. 16:19:41; 571
2021. 02. 20. 16:19:51; 567
2021. 02. 20. 16:20:02; 568
2021. 02. 20. 16:20:12; 566
2021. 02. 20. 16:20:22; 573
2021. 02. 20. 16:20:32; 573
2021. 02. 20. 16:20:42; 578
2021. 02. 20. 16:20:52; 581
2021. 02. 20. 16:21:02; 582
2021. 02. 20. 16:21:12; 579
2021. 02. 20. 16:21:23; 583
2021. 02. 20. 16:21:33; 590
2021. 02. 20. 16:21:43; 587
2021. 02. 20. 16:21:53; 594
2021. 02. 20. 16:22:03; 596
2021. 02. 20. 16:22:13; 594
2021. 02. 20. 16:22:23; 596
2021. 02. 20. 16:22:33; 590
2021. 02. 20. 16:22:44; 588
2021. 02. 20. 16:22:54; 590
2021. 02. 20. 16:23:04; 591
2021. 02. 20. 16:23:14; 590
2021. 02. 20. 16:23:24; 593
2021. 02. 20. 16:23:34; 601
2021. 02. 20. 16:23:44; 600
2021. 02. 20. 16:23:54; 605
2021. 02. 20. 16:24:04; 614
2021. 02. 20. 16:24:15; 609
2021. 02. 20. 16:24:25; 611
2021. 02. 20. 16:24:35; 608
2021. 02. 20. 16:24:45; 608
2021. 02. 20. 16:24:55; 612
2021. 02. 20. 16:25:05; 615
2021. 02. 20. 16:25:15; 612
2021. 02. 20. 16:25:25; 612
2021. 02. 20. 16:25:36; 617
2021. 02. 20. 16:25:46; 614
2021. 02. 20. 16:25:56; 618
2021. 02. 20. 16:26:06; 617
2021. 02. 20. 16:26:16; 615
2021. 02. 20. 16:26:26; 620
2021. 02. 20. 16:26:36; 623
2021. 02. 20. 16:26:46; 619
2021. 02. 20. 16:26:57; 615
2021. 02. 20. 16:27:07; 612
2021. 02. 20. 16:27:17; 606
2021. 02. 20. 16:27:27; 604
2021. 02. 20. 16:27:37; 602
2021. 02. 20. 16:27:47; 602
2021. 02. 20. 16:27:57; 607
2021. 02. 20. 16:28:07; 599
2021. 02. 20. 16:28:17; 599
2021. 02. 20. 16:28:28; 603
2021. 02. 20. 16:28:38; 598
2021. 02. 20. 16:28:48; 586
2021. 02. 20. 16:28:58; 591
2021. 02. 20. 16:29:08; 581
2021. 02. 20. 16:29:18; 575
2021. 02. 20. 16:29:29; 582
2021. 02. 20. 16:29:39; 578
2021. 02. 20. 16:29:49; 574
2021. 02. 20. 16:29:59; 571
2021. 02. 20. 16:30:09; 564
2021. 02. 20. 16:30:19; 563
2021. 02. 20. 16:30:29; 569
2021. 02. 20. 16:30:39; 578
2021. 02. 20. 16:30:49; 577
2021. 02. 20. 16:31:00; 580
2021. 02. 20. 16:31:10; 577
2021. 02. 20. 16:31:20; 577
2021. 02. 20. 16:31:30; 578
2021. 02. 20. 16:31:40; 584
2021. 02. 20. 16:31:50; 577
2021. 02. 20. 16:32:00; 574
2021. 02. 20. 16:32:11; 568
2021. 02. 20. 16:32:21; 569
2021. 02. 20. 16:32:31; 576
2021. 02. 20. 16:32:41; 578
2021. 02. 20. 16:32:51; 582
2021. 02. 20. 16:33:01; 587
2021. 02. 20. 16:33:11; 577
2021. 02. 20. 16:33:21; 569
2021. 02. 20. 16:33:32; 570
2021. 02. 20. 16:33:42; 570
2021. 02. 20. 16:33:52; 578
2021. 02. 20. 16:34:02; 581
2021. 02. 20. 16:34:12; 583
2021. 02. 20. 16:34:22; 581
2021. 02. 20. 16:34:32; 587
2021. 02. 20. 16:34:42; 584
2021. 02. 20. 16:34:52; 590
2021. 02. 20. 16:35:03; 596
2021. 02. 20. 16:35:13; 595
2021. 02. 20. 16:35:23; 599
2021. 02. 20. 16:35:33; 602
2021. 02. 20. 16:35:43; 601
2021. 02. 20. 16:35:53; 603
2021. 02. 20. 16:36:03; 602
2021. 02. 20. 16:36:13; 601
2021. 02. 20. 16:36:24; 599
2021. 02. 20. 16:36:34; 601
2021. 02. 20. 16:36:44; 605
2021. 02. 20. 16:36:54; 609
2021. 02. 20. 16:37:04; 609
2021. 02. 20. 16:37:14; 610
2021. 02. 20. 16:37:24; 611
2021. 02. 20. 16:37:34; 609
2021. 02. 20. 16:37:45; 605
2021. 02. 20. 16:37:55; 606
2021. 02. 20. 16:38:05; 612
2021. 02. 20. 16:38:15; 612
2021. 02. 20. 16:38:25; 618
2021. 02. 20. 16:38:35; 626
2021. 02. 20. 16:38:45; 625
2021. 02. 20. 16:38:55; 635
2021. 02. 20. 16:39:05; 633
2021. 02. 20. 16:39:16; 635
2021. 02. 20. 16:39:26; 634
2021. 02. 20. 16:39:36; 634
2021. 02. 20. 16:39:46; 635
2021. 02. 20. 16:39:56; 637
2021. 02. 20. 16:40:06; 635
2021. 02. 20. 16:40:16; 630
2021. 02. 20. 16:40:26; 633
2021. 02. 20. 16:40:37; 636
2021. 02. 20. 16:40:47; 638
2021. 02. 20. 16:40:57; 635
2021. 02. 20. 16:41:07; 636
2021. 02. 20. 16:41:17; 626
2021. 02. 20. 16:41:27; 621
2021. 02. 20. 16:41:37; 615
2021. 02. 20. 16:41:47; 617
2021. 02. 20. 16:41:58; 620
2021. 02. 20. 16:42:08; 618
2021. 02. 20. 16:42:18; 613
2021. 02. 20. 16:42:28; 611
2021. 02. 20. 16:42:38; 615
2021. 02. 20. 16:42:48; 618
2021. 02. 20. 16:42:58; 615
2021. 02. 20. 16:43:08; 618
2021. 02. 20. 16:43:18; 613
2021. 02. 20. 16:43:29; 605
2021. 02. 20. 16:43:39; 609
2021. 02. 20. 16:43:49; 609
2021. 02. 20. 16:43:59; 610
2021. 02. 20. 16:44:09; 613
2021. 02. 20. 16:44:19; 614
2021. 02. 20. 16:44:29; 613
2021. 02. 20. 16:44:39; 612
2021. 02. 20. 16:44:50; 615
2021. 02. 20. 16:45:00; 611
2021. 02. 20. 16:45:10; 605
2021. 02. 20. 16:45:20; 600
2021. 02. 20. 16:45:30; 599
2021. 02. 20. 16:45:40; 597
2021. 02. 20. 16:45:50; 594
2021. 02. 20. 16:46:01; 598
2021. 02. 20. 16:46:11; 595
2021. 02. 20. 16:46:21; 596
2021. 02. 20. 16:46:31; 601
2021. 02. 20. 16:46:41; 601
2021. 02. 20. 16:46:51; 597
2021. 02. 20. 16:47:01; 602
2021. 02. 20. 16:47:11; 606
2021. 02. 20. 16:47:22; 604
2021. 02. 20. 16:47:32; 606
2021. 02. 20. 16:47:42; 607
2021. 02. 20. 16:47:52; 608
2021. 02. 20. 16:48:02; 612
2021. 02. 20. 16:48:12; 613
2021. 02. 20. 16:48:22; 616
2021. 02. 20. 16:48:33; 615
2021. 02. 20. 16:48:43; 621
2021. 02. 20. 16:48:53; 622
2021. 02. 20. 16:49:03; 625
2021. 02. 20. 16:49:13; 619
2021. 02. 20. 16:49:23; 624
2021. 02. 20. 16:49:33; 624
2021. 02. 20. 16:49:44; 612
2021. 02. 20. 16:49:54; 610
2021. 02. 20. 16:50:04; 600
2021. 02. 20. 16:50:14; 597
2021. 02. 20. 16:50:24; 601
2021. 02. 20. 16:50:34; 596
2021. 02. 20. 16:50:44; 594
2021. 02. 20. 16:50:54; 593
2021. 02. 20. 16:51:05; 591
2021. 02. 20. 16:51:15; 590
2021. 02. 20. 16:51:25; 584
2021. 02. 20. 16:51:35; 583
2021. 02. 20. 16:51:45; 583
2021. 02. 20. 16:51:55; 585
2021. 02. 20. 16:52:05; 580
2021. 02. 20. 16:52:15; 578
2021. 02. 20. 16:52:25; 577
2021. 02. 20. 16:52:36; 582
2021. 02. 20. 16:52:46; 583
2021. 02. 20. 16:52:56; 585
2021. 02. 20. 16:53:06; 587
2021. 02. 20. 16:53:16; 583
2021. 02. 20. 16:53:26; 581
2021. 02. 20. 16:53:36; 579
2021. 02. 20. 16:53:46; 583
2021. 02. 20. 16:53:57; 584
2021. 02. 20. 16:54:07; 580
2021. 02. 20. 16:54:17; 578
2021. 02. 20. 16:54:27; 578
2021. 02. 20. 16:54:37; 577
2021. 02. 20. 16:54:47; 581
2021. 02. 20. 16:54:57; 576
2021. 02. 20. 16:55:07; 576
2021. 02. 20. 16:55:17; 569
2021. 02. 20. 16:55:28; 569
2021. 02. 20. 16:55:38; 567
2021. 02. 20. 16:55:48; 567
2021. 02. 20. 16:55:58; 572
2021. 02. 20. 16:56:08; 575
2021. 02. 20. 16:56:18; 579
2021. 02. 20. 16:56:28; 583
2021. 02. 20. 16:56:38; 587
2021. 02. 20. 16:56:49; 588
2021. 02. 20. 16:56:59; 588
2021. 02. 20. 16:57:09; 582
2021. 02. 20. 16:57:19; 582
2021. 02. 20. 16:57:30; 588
2021. 02. 20. 16:57:40; 584
2021. 02. 20. 16:57:50; 587
2021. 02. 20. 16:58:00; 584
2021. 02. 20. 16:58:10; 583
2021. 02. 20. 16:58:20; 587
2021. 02. 20. 16:58:31; 592
2021. 02. 20. 16:58:41; 592
2021. 02. 20. 16:58:51; 588
2021. 02. 20. 16:59:01; 589
2021. 02. 20. 16:59:11; 591
2021. 02. 20. 16:59:21; 594
2021. 02. 20. 16:59:31; 597
2021. 02. 20. 16:59:41; 599
2021. 02. 20. 16:59:51; 600
2021. 02. 20. 17:00:02; 599
2021. 02. 20. 17:00:12; 600
2021. 02. 20. 17:00:22; 599
2021. 02. 20. 17:00:32; 598
2021. 02. 20. 17:00:42; 603
2021. 02. 20. 17:00:52; 608
2021. 02. 20. 17:01:02; 608
2021. 02. 20. 17:01:12; 605
2021. 02. 20. 17:01:23; 611
2021. 02. 20. 17:01:33; 609
2021. 02. 20. 17:01:43; 615
2021. 02. 20. 17:01:53; 618
2021. 02. 20. 17:02:03; 619
2021. 02. 20. 17:02:13; 620
2021. 02. 20. 17:02:23; 619
2021. 02. 20. 17:02:33; 626
2021. 02. 20. 17:02:43; 629
2021. 02. 20. 17:02:54; 625
2021. 02. 20. 17:03:04; 632
2021. 02. 20. 17:03:14; 627
2021. 02. 20. 17:03:24; 628
2021. 02. 20. 17:03:34; 632
2021. 02. 20. 17:03:44; 630
2021. 02. 20. 17:03:54; 634
2021. 02. 20. 17:04:04; 626
2021. 02. 20. 17:04:15; 625
2021. 02. 20. 17:04:25; 630
2021. 02. 20. 17:04:35; 626
2021. 02. 20. 17:04:45; 625
2021. 02. 20. 17:04:55; 625
2021. 02. 20. 17:05:05; 620
2021. 02. 20. 17:05:15; 623
2021. 02. 20. 17:05:25; 629
2021. 02. 20. 17:05:35; 629
2021. 02. 20. 17:05:46; 630
2021. 02. 20. 17:05:56; 631
2021. 02. 20. 17:06:06; 629
2021. 02. 20. 17:06:16; 626
2021. 02. 20. 17:06:26; 627
2021. 02. 20. 17:06:36; 626
2021. 02. 20. 17:06:46; 622
2021. 02. 20. 17:06:56; 622
2021. 02. 20. 17:07:07; 612
2021. 02. 20. 17:07:17; 616
2021. 02. 20. 17:07:27; 609
2021. 02. 20. 17:07:37; 611
2021. 02. 20. 17:07:47; 608
2021. 02. 20. 17:07:57; 608
2021. 02. 20. 17:08:07; 605
2021. 02. 20. 17:08:18; 601
2021. 02. 20. 17:08:28; 597
2021. 02. 20. 17:08:38; 603
2021. 02. 20. 17:08:48; 605
2021. 02. 20. 17:08:58; 611
2021. 02. 20. 17:09:08; 609
2021. 02. 20. 17:09:18; 613
2021. 02. 20. 17:09:28; 612
2021. 02. 20. 17:09:39; 615
2021. 02. 20. 17:09:49; 617
2021. 02. 20. 17:09:59; 616
2021. 02. 20. 17:10:09; 618
2021. 02. 20. 17:10:19; 620
2021. 02. 20. 17:10:29; 624
2021. 02. 20. 17:10:39; 626
2021. 02. 20. 17:10:49; 619
2021. 02. 20. 17:10:59; 620
2021. 02. 20. 17:11:10; 619
2021. 02. 20. 17:11:20; 617
2021. 02. 20. 17:11:30; 620
2021. 02. 20. 17:11:40; 617
2021. 02. 20. 17:11:50; 610
2021. 02. 20. 17:12:00; 610
2021. 02. 20. 17:12:10; 614
2021. 02. 20. 17:12:20; 621
2021. 02. 20. 17:12:31; 621
2021. 02. 20. 17:12:41; 618
2021. 02. 20. 17:12:51; 619
2021. 02. 20. 17:13:01; 622
2021. 02. 20. 17:13:11; 620
2021. 02. 20. 17:13:21; 623
2021. 02. 20. 17:13:31; 627
2021. 02. 20. 17:13:42; 627
2021. 02. 20. 17:13:52; 621
2021. 02. 20. 17:14:02; 619
2021. 02. 20. 17:14:12; 617
2021. 02. 20. 17:14:22; 618
2021. 02. 20. 17:14:32; 611
2021. 02. 20. 17:14:42; 606
2021. 02. 20. 17:14:52; 609
2021. 02. 20. 17:15:03; 611
2021. 02. 20. 17:15:13; 610
2021. 02. 20. 17:15:23; 613
2021. 02. 20. 17:15:33; 610
2021. 02. 20. 17:15:43; 608
2021. 02. 20. 17:15:53; 603
2021. 02. 20. 17:16:03; 604
2021. 02. 20. 17:16:13; 610
2021. 02. 20. 17:16:23; 612
2021. 02. 20. 17:16:34; 611
2021. 02. 20. 17:16:44; 612
2021. 02. 20. 17:16:54; 613
2021. 02. 20. 17:17:04; 613
2021. 02. 20. 17:17:14; 609
2021. 02. 20. 17:17:24; 606
2021. 02. 20. 17:17:34; 610
2021. 02. 20. 17:17:44; 608
2021. 02. 20. 17:17:55; 612
2021. 02. 20. 17:18:05; 616
2021. 02. 20. 17:18:15; 616
2021. 02. 20. 17:18:25; 614
2021. 02. 20. 17:18:35; 606
2021. 02. 20. 17:18:45; 608
2021. 02. 20. 17:18:55; 609
2021. 02. 20. 17:19:05; 610
2021. 02. 20. 17:19:16; 613
2021. 02. 20. 17:19:26; 614
2021. 02. 20. 17:19:36; 609
2021. 02. 20. 17:19:46; 613
2021. 02. 20. 17:19:56; 618
2021. 02. 20. 17:20:06; 620
2021. 02. 20. 17:20:16; 618
2021. 02. 20. 17:20:26; 620
2021. 02. 20. 17:20:36; 623
2021. 02. 20. 17:20:47; 625
2021. 02. 20. 17:20:57; 624
2021. 02. 20. 17:21:07; 622
2021. 02. 20. 17:21:17; 621
2021. 02. 20. 17:21:27; 618
2021. 02. 20. 17:21:37; 620
2021. 02. 20. 17:21:47; 621
2021. 02. 20. 17:21:57; 623
2021. 02. 20. 17:22:07; 626
2021. 02. 20. 17:22:18; 624
2021. 02. 20. 17:22:28; 625
2021. 02. 20. 17:22:38; 623
2021. 02. 20. 17:22:48; 626
2021. 02. 20. 17:22:58; 629
2021. 02. 20. 17:23:08; 629
2021. 02. 20. 17:23:18; 627
2021. 02. 20. 17:23:28; 623
2021. 02. 20. 17:23:39; 624
2021. 02. 20. 17:23:49; 622
2021. 02. 20. 17:23:59; 616
2021. 02. 20. 17:24:09; 614
2021. 02. 20. 17:24:19; 617
2021. 02. 20. 17:24:29; 614
2021. 02. 20. 17:24:39; 613
2021. 02. 20. 17:24:50; 611
2021. 02. 20. 17:25:00; 612
2021. 02. 20. 17:25:10; 617
2021. 02. 20. 17:25:20; 614
2021. 02. 20. 17:25:30; 615
2021. 02. 20. 17:25:40; 611
2021. 02. 20. 17:25:50; 608
2021. 02. 20. 17:26:00; 609
2021. 02. 20. 17:26:11; 606
2021. 02. 20. 17:26:21; 604
2021. 02. 20. 17:26:31; 600
2021. 02. 20. 17:26:41; 601
2021. 02. 20. 17:26:51; 595
2021. 02. 20. 17:27:01; 592
2021. 02. 20. 17:27:11; 591
2021. 02. 20. 17:27:21; 588
2021. 02. 20. 17:27:32; 582
2021. 02. 20. 17:27:42; 575
2021. 02. 20. 17:27:52; 570
2021. 02. 20. 17:28:02; 569
2021. 02. 20. 17:28:12; 569
2021. 02. 20. 17:28:22; 575
2021. 02. 20. 17:28:32; 577
2021. 02. 20. 17:28:42; 581
2021. 02. 20. 17:28:53; 578
2021. 02. 20. 17:29:03; 576
2021. 02. 20. 17:29:13; 576
2021. 02. 20. 17:29:23; 569
2021. 02. 20. 17:29:33; 566
2021. 02. 20. 17:29:43; 563
2021. 02. 20. 17:29:53; 562
2021. 02. 20. 17:30:04; 562
2021. 02. 20. 17:30:14; 562
2021. 02. 20. 17:30:24; 563
2021. 02. 20. 17:30:34; 562
2021. 02. 20. 17:30:44; 563
2021. 02. 20. 17:30:54; 562
2021. 02. 20. 17:31:04; 561
2021. 02. 20. 17:31:14; 560
2021. 02. 20. 17:31:25; 559
2021. 02. 20. 17:31:35; 562
2021. 02. 20. 17:31:45; 561
2021. 02. 20. 17:31:55; 558
2021. 02. 20. 17:32:05; 554
2021. 02. 20. 17:32:15; 551
2021. 02. 20. 17:32:25; 550
2021. 02. 20. 17:32:35; 549
2021. 02. 20. 17:32:45; 546
2021. 02. 20. 17:32:56; 546
2021. 02. 20. 17:33:06; 545
2021. 02. 20. 17:33:16; 549
2021. 02. 20. 17:33:26; 548
2021. 02. 20. 17:33:36; 547
2021. 02. 20. 17:33:46; 543
2021. 02. 20. 17:33:56; 540
2021. 02. 20. 17:34:06; 539
2021. 02. 20. 17:34:17; 538
2021. 02. 20. 17:34:27; 540
2021. 02. 20. 17:34:37; 544
2021. 02. 20. 17:34:47; 540
2021. 02. 20. 17:34:57; 541
2021. 02. 20. 17:35:07; 542
2021. 02. 20. 17:35:17; 536
2021. 02. 20. 17:35:27; 535
2021. 02. 20. 17:35:37; 535
2021. 02. 20. 17:35:48; 531
2021. 02. 20. 17:35:58; 524
2021. 02. 20. 17:36:08; 522
2021. 02. 20. 17:36:18; 521
2021. 02. 20. 17:36:28; 522
2021. 02. 20. 17:36:38; 525
2021. 02. 20. 17:36:48; 525
2021. 02. 20. 17:36:58; 525
2021. 02. 20. 17:37:09; 519
2021. 02. 20. 17:37:19; 513
2021. 02. 20. 17:37:29; 512
2021. 02. 20. 17:37:39; 513
2021. 02. 20. 17:37:49; 510
2021. 02. 20. 17:37:59; 507
2021. 02. 20. 17:38:09; 511
2021. 02. 20. 17:38:19; 511
2021. 02. 20. 17:38:29; 509
2021. 02. 20. 17:38:40; 508
2021. 02. 20. 17:38:50; 505
2021. 02. 20. 17:39:00; 500
2021. 02. 20. 17:39:10; 498
2021. 02. 20. 17:39:20; 497
2021. 02. 20. 17:39:30; 499; innen már csak magas
2021. 02. 20. 17:39:40; 499
2021. 02. 20. 17:39:50; 496
2021. 02. 20. 17:40:01; 492
2021. 02. 20. 17:40:11; 485
2021. 02. 20. 17:40:21; 484
2021. 02. 20. 17:40:31; 479
2021. 02. 20. 17:40:41; 479
2021. 02. 20. 17:40:51; 480
2021. 02. 20. 17:41:01; 477
2021. 02. 20. 17:41:12; 480
2021. 02. 20. 17:41:22; 477
2021. 02. 20. 17:41:32; 479
2021. 02. 20. 17:41:42; 479
2021. 02. 20. 17:41:52; 481
2021. 02. 20. 17:42:02; 485
2021. 02. 20. 17:42:13; 485
2021. 02. 20. 17:42:23; 483
2021. 02. 20. 17:42:33; 486
2021. 02. 20. 17:42:43; 485
2021. 02. 20. 17:42:53; 486
2021. 02. 20. 17:43:03; 483
2021. 02. 20. 17:43:13; 480
2021. 02. 20. 17:43:24; 476
2021. 02. 20. 17:43:34; 476
2021. 02. 20. 17:43:44; 476
2021. 02. 20. 17:43:54; 473
2021. 02. 20. 17:44:04; 469
2021. 02. 20. 17:44:14; 464
2021. 02. 20. 17:44:25; 459
2021. 02. 20. 17:44:35; 463
2021. 02. 20. 17:44:45; 464
2021. 02. 20. 17:44:55; 462
2021. 02. 20. 17:45:05; 461
2021. 02. 20. 17:45:15; 461
2021. 02. 20. 17:45:26; 462
2021. 02. 20. 17:45:36; 464
2021. 02. 20. 17:45:46; 461
2021. 02. 20. 17:45:56; 459
2021. 02. 20. 17:46:06; 461
2021. 02. 20. 17:46:17; 458
2021. 02. 20. 17:46:27; 461
2021. 02. 20. 17:46:37; 463
2021. 02. 20. 17:46:47; 461
2021. 02. 20. 17:46:57; 465
2021. 02. 20. 17:47:07; 464
2021. 02. 20. 17:47:18; 456
2021. 02. 20. 17:47:28; 459
2021. 02. 20. 17:47:38; 458
2021. 02. 20. 17:47:48; 456
2021. 02. 20. 17:47:58; 460
2021. 02. 20. 17:48:08; 461
2021. 02. 20. 17:48:19; 460
2021. 02. 20. 17:48:29; 456
2021. 02. 20. 17:48:39; 451
2021. 02. 20. 17:48:49; 447
2021. 02. 20. 17:48:59; 447
2021. 02. 20. 17:49:09; 449
2021. 02. 20. 17:49:19; 450
2021. 02. 20. 17:49:30; 449
2021. 02. 20. 17:49:40; 447
2021. 02. 20. 17:49:50; 443
2021. 02. 20. 17:50:00; 445
2021. 02. 20. 17:50:10; 446
2021. 02. 20. 17:50:20; 448
2021. 02. 20. 17:50:30; 447
2021. 02. 20. 17:50:40; 452
2021. 02. 20. 17:50:51; 451
2021. 02. 20. 17:51:01; 451
2021. 02. 20. 17:51:11; 445
2021. 02. 20. 17:51:21; 443
2021. 02. 20. 17:51:31; 446
2021. 02. 20. 17:51:41; 443
2021. 02. 20. 17:51:51; 440
2021. 02. 20. 17:52:01; 437
2021. 02. 20. 17:52:12; 437
2021. 02. 20. 17:52:22; 443
2021. 02. 20. 17:52:32; 444
2021. 02. 20. 17:52:42; 446
2021. 02. 20. 17:52:52; 444
2021. 02. 20. 17:53:02; 446
2021. 02. 20. 17:53:12; 444
2021. 02. 20. 17:53:22; 443
2021. 02. 20. 17:53:33; 442
2021. 02. 20. 17:53:43; 438
2021. 02. 20. 17:53:53; 438
2021. 02. 20. 17:54:03; 438
2021. 02. 20. 17:54:13; 435
2021. 02. 20. 17:54:23; 436
2021. 02. 20. 17:54:33; 437
2021. 02. 20. 17:54:43; 435
2021. 02. 20. 17:54:54; 435
2021. 02. 20. 17:55:04; 434
2021. 02. 20. 17:55:14; 434
2021. 02. 20. 17:55:24; 434
2021. 02. 20. 17:55:34; 429
2021. 02. 20. 17:55:44; 427
2021. 02. 20. 17:55:54; 430
2021. 02. 20. 17:56:04; 431
2021. 02. 20. 17:56:15; 430
2021. 02. 20. 17:56:25; 429
2021. 02. 20. 17:56:35; 432
2021. 02. 20. 17:56:45; 429
2021. 02. 20. 17:56:55; 429
2021. 02. 20. 17:57:05; 425
2021. 02. 20. 17:57:16; 428
2021. 02. 20. 17:57:26; 424
2021. 02. 20. 17:57:36; 423
2021. 02. 20. 17:57:46; 422
2021. 02. 20. 17:57:56; 420
2021. 02. 20. 17:58:06; 420
2021. 02. 20. 17:58:16; 418
2021. 02. 20. 17:58:26; 416
2021. 02. 20. 17:58:37; 414
2021. 02. 20. 17:58:47; 414
2021. 02. 20. 17:58:57; 408
2021. 02. 20. 17:59:25; 408
2021. 02. 20. 17:59:34; 405
2021. 02. 20. 17:59:44; 405
2021. 02. 20. 17:59:54; 406
2021. 02. 20. 18:00:04; 403
2021. 02. 20. 18:00:14; 402
2021. 02. 20. 18:00:24; 401
2021. 02. 20. 18:00:35; 401
2021. 02. 20. 18:00:45; 403
2021. 02. 20. 18:00:55; 401
2021. 02. 20. 18:01:05; 400
2021. 02. 20. 18:01:15; 398
2021. 02. 20. 18:01:26; 403
2021. 02. 20. 18:01:36; 402
2021. 02. 20. 18:01:46; 401
2021. 02. 20. 18:01:56; 402
2021. 02. 20. 18:02:06; 400
2021. 02. 20. 18:02:17; 400
2021. 02. 20. 18:02:27; 397
2021. 02. 20. 18:02:37; 402
2021. 02. 20. 18:02:47; 406
2021. 02. 20. 18:02:57; 404
2021. 02. 20. 18:03:07; 403
2021. 02. 20. 18:03:18; 402
2021. 02. 20. 18:03:28; 400
2021. 02. 20. 18:03:38; 401
2021. 02. 20. 18:03:48; 392
2021. 02. 20. 18:03:58; 389
2021. 02. 20. 18:04:08; 390
2021. 02. 20. 18:04:18; 390
2021. 02. 20. 18:04:29; 387
2021. 02. 20. 18:04:39; 384
2021. 02. 20. 18:04:49; 385
2021. 02. 20. 18:04:59; 384
2021. 02. 20. 18:05:09; 385
2021. 02. 20. 18:05:19; 384
2021. 02. 20. 18:05:30; 387
2021. 02. 20. 18:05:40; 383
2021. 02. 20. 18:05:50; 379
2021. 02. 20. 18:06:00; 379
2021. 02. 20. 18:06:10; 378
2021. 02. 20. 18:06:20; 380
2021. 02. 20. 18:06:30; 378
2021. 02. 20. 18:06:40; 378
2021. 02. 20. 18:06:51; 382
2021. 02. 20. 18:07:01; 384
2021. 02. 20. 18:07:11; 385
2021. 02. 20. 18:07:21; 388
2021. 02. 20. 18:07:31; 387
2021. 02. 20. 18:07:41; 389
2021. 02. 20. 18:07:51; 389
2021. 02. 20. 18:08:02; 383
2021. 02. 20. 18:08:12; 383
2021. 02. 20. 18:08:22; 381
2021. 02. 20. 18:08:32; 384
2021. 02. 20. 18:08:42; 380
2021. 02. 20. 18:08:52; 379
2021. 02. 20. 18:09:02; 376
2021. 02. 20. 18:09:12; 376
2021. 02. 20. 18:09:23; 376
2021. 02. 20. 18:09:33; 373
2021. 02. 20. 18:09:43; 375
2021. 02. 20. 18:09:53; 375
2021. 02. 20. 18:10:03; 371
2021. 02. 20. 18:10:13; 369
2021. 02. 20. 18:10:23; 370
2021. 02. 20. 18:10:34; 368
2021. 02. 20. 18:10:44; 369
2021. 02. 20. 18:10:54; 369
2021. 02. 20. 18:11:04; 365
2021. 02. 20. 18:11:14; 363
2021. 02. 20. 18:11:24; 362
2021. 02. 20. 18:11:35; 362
2021. 02. 20. 18:11:45; 362
2021. 02. 20. 18:11:55; 362
2021. 02. 20. 18:12:05; 365
2021. 02. 20. 18:12:15; 367
2021. 02. 20. 18:12:25; 369
2021. 02. 20. 18:12:35; 370
2021. 02. 20. 18:12:46; 369
2021. 02. 20. 18:12:56; 371
2021. 02. 20. 18:13:06; 370
2021. 02. 20. 18:13:16; 372
2021. 02. 20. 18:13:26; 370
2021. 02. 20. 18:13:36; 370
2021. 02. 20. 18:13:46; 371
2021. 02. 20. 18:13:57; 373
2021. 02. 20. 18:14:07; 372
2021. 02. 20. 18:14:17; 371
2021. 02. 20. 18:14:27; 373
2021. 02. 20. 18:14:37; 372
2021. 02. 20. 18:14:47; 373
2021. 02. 20. 18:14:57; 370
2021. 02. 20. 18:15:08; 371
2021. 02. 20. 18:15:18; 373
2021. 02. 20. 18:15:28; 371
2021. 02. 20. 18:15:38; 373
2021. 02. 20. 18:15:48; 370
2021. 02. 20. 18:15:58; 371
2021. 02. 20. 18:16:09; 372
2021. 02. 20. 18:16:19; 371
2021. 02. 20. 18:16:29; 370
2021. 02. 20. 18:16:39; 369
2021. 02. 20. 18:16:49; 370
2021. 02. 20. 18:16:59; 370
2021. 02. 20. 18:17:09; 370
2021. 02. 20. 18:17:19; 369
2021. 02. 20. 18:17:30; 371
2021. 02. 20. 18:17:40; 372
2021. 02. 20. 18:17:50; 374
2021. 02. 20. 18:18:00; 369
2021. 02. 20. 18:18:10; 370
2021. 02. 20. 18:18:20; 371
2021. 02. 20. 18:18:30; 372
2021. 02. 20. 18:18:40; 373
2021. 02. 20. 18:18:51; 372
2021. 02. 20. 18:19:01; 371
2021. 02. 20. 18:19:11; 374
2021. 02. 20. 18:19:21; 369
2021. 02. 20. 18:19:31; 371
2021. 02. 20. 18:19:41; 371
2021. 02. 20. 18:19:51; 373
2021. 02. 20. 18:20:01; 374
2021. 02. 20. 18:20:12; 374
2021. 02. 20. 18:20:22; 374
2021. 02. 20. 18:20:32; 376
2021. 02. 20. 18:20:42; 375
2021. 02. 20. 18:20:52; 373
2021. 02. 20. 18:21:02; 376
2021. 02. 20. 18:21:12; 379
2021. 02. 20. 18:21:22; 377
2021. 02. 20. 18:21:32; 375
2021. 02. 20. 18:21:43; 377
2021. 02. 20. 18:21:53; 375
2021. 02. 20. 18:22:03; 375
2021. 02. 20. 18:22:13; 375
2021. 02. 20. 18:22:23; 377
2021. 02. 20. 18:22:33; 376
2021. 02. 20. 18:22:43; 377
2021. 02. 20. 18:22:53; 376
2021. 02. 20. 18:23:04; 375
2021. 02. 20. 18:23:14; 376
2021. 02. 20. 18:23:24; 375
2021. 02. 20. 18:23:34; 374
2021. 02. 20. 18:23:44; 377
2021. 02. 20. 18:23:54; 376
2021. 02. 20. 18:24:05; 371
2021. 02. 20. 18:24:15; 371
2021. 02. 20. 18:24:25; 366
2021. 02. 20. 18:24:35; 368
2021. 02. 20. 18:24:45; 369
2021. 02. 20. 18:24:55; 372
2021. 02. 20. 18:25:05; 372
2021. 02. 20. 18:25:16; 372
2021. 02. 20. 18:25:26; 373
2021. 02. 20. 18:25:36; 375
2021. 02. 20. 18:25:46; 374
2021. 02. 20. 18:25:56; 371
2021. 02. 20. 18:26:06; 372
2021. 02. 20. 18:26:17; 376
2021. 02. 20. 18:26:27; 375
2021. 02. 20. 18:26:37; 373
2021. 02. 20. 18:26:47; 377
2021. 02. 20. 18:26:57; 379
2021. 02. 20. 18:27:07; 380
2021. 02. 20. 18:27:17; 384
2021. 02. 20. 18:27:28; 386
2021. 02. 20. 18:27:38; 385
2021. 02. 20. 18:27:48; 385
2021. 02. 20. 18:27:58; 382
2021. 02. 20. 18:28:08; 379
2021. 02. 20. 18:28:18; 374
2021. 02. 20. 18:28:29; 374
2021. 02. 20. 18:28:39; 375
2021. 02. 20. 18:28:49; 377
2021. 02. 20. 18:28:59; 376
2021. 02. 20. 18:29:09; 376
2021. 02. 20. 18:29:19; 376
2021. 02. 20. 18:29:29; 372
2021. 02. 20. 18:29:40; 372
2021. 02. 20. 18:29:50; 373
2021. 02. 20. 18:30:00; 375
2021. 02. 20. 18:30:10; 374
2021. 02. 20. 18:30:20; 373
2021. 02. 20. 18:30:31; 370
2021. 02. 20. 18:30:41; 371
2021. 02. 20. 18:30:51; 370
2021. 02. 20. 18:31:01; 369
2021. 02. 20. 18:31:11; 363
2021. 02. 20. 18:31:21; 359
2021. 02. 20. 18:31:31; 360
2021. 02. 20. 18:31:42; 352
2021. 02. 20. 18:31:52; 351
2021. 02. 20. 18:32:02; 344
2021. 02. 20. 18:32:12; 340
2021. 02. 20. 18:32:22; 335
2021. 02. 20. 18:32:32; 327
2021. 02. 20. 18:32:42; 0
2021. 02. 20. 18:32:53; 0
2021. 02. 20. 18:33:03; 0
2021. 02. 20. 18:33:13; 0
